1000
857
955
814
340
688
433
620
480
480
224
696
659
140
521
125
275
100
914
540
896
926
685
421
876
172
456
249
676
285
381
774
839
184
867
291
966
461
68
909
677
639
536
185
434
840
355
738
803
115
266
557
684
472
4
123
49
275
390
128
49
798
183
722
572
888
702
579
622
366
592
619
636
425
927
39
702
280
599
990
30
879
683
678
185
40
631
931
883
249
607
776
728
559
968
841
808
714
277
119
410
280
326
605
372
750
764
652
250
228
839
554
901
289
203
904
822
551
304
755
908
167
546
530
970
992
121
634
84
173
393
935
843
397
492
997
926
847
862
998
804
532
26
68
384
399
852
584
964
699
894
476
209
797
630
79
670
602
88
183
31
633
528
11
304
148
307
193
130
483
487
710
196
585
640
212
470
195
868
497
547
727
569
942
365
297
733
460
133
668
455
462
770
927
916
843
121
581
428
794
839
50
118
4
668
90
297
100
640
820
941
698
218
416
865
504
974
829
710
836
302
318
332
256
909
46
236
118
496
289
37
136
398
868
219
983
633
296
677
882
701
115
974
434
497
168
918
555
660
640
865
486
762
921
737
85
151
446
616
109
499
871
384
595
710
186
702
105
613
994
292
680
182
383
854
306
81
854
392
152
840
979
950
809
272
692
444
668
920
207
399
976
914
311
388
746
936
483
159
712
72
56
22
884
939
320
151
730
770
730
87
389
186
252
701
326
466
159
367
767
202
410
147
695
630
66
192
671
795
328
934
501
346
898
275
86
315
551
880
314
539
293
868
866
161
30
303
677
381
627
249
340
466
758
635
434
942
974
382
720
960
55
820
520
409
481
364
384
910
395
809
481
5
886
197
617
485
342
618
86
467
479
897
156
211
652
87
176
788
350
69
678
430
394
823
240
416
844
127
144
653
564
154
777
959
630
603
248
136
382
799
432
44
643
721
647
259
187
943
795
509
887
429
369
230
233
400
183
389
803
541
936
960
538
579
400
530
955
215
33
416
501
143
949
608
823
960
284
386
619
859
513
859
523
310
584
872
923
456
755
529
255
111
598
270
118
733
367
326
607
759
282
581
515
928
987
293
340
222
277
697
132
708
675
462
809
552
389
195
976
413
21
139
639
707
475
48
103
174
118
522
410
29
275
752
169
883
787
878
521
875
800
16
607
40
512
118
538
899
46
992
832
73
629
236
171
571
342
549
453
215
140
6
426
415
798
232
598
489
405
777
7
191
302
262
83
392
842
265
581
623
92
614
628
290
579
939
916
470
785
518
57
152
347
772
337
607
138
886
170
369
552
350
516
275
199
76
296
285
367
218
658
900
799
974
194
530
758
777
249
771
586
27
498
426
233
753
831
964
550
370
414
434
294
63
779
525
947
353
911
149
681
231
729
435
175
703
221
311
944
917
554
980
802
99
521
995
951
224
442
838
795
827
249
742
581
785
369
710
666
86
519
402
189
433
603
530
731
226
162
67
495
168
528
360
457
854
796
501
469
167
484
716
369
730
59
100
718
799
640
663
283
450
640
442
190
591
95
858
717
991
331
677
892
50
482
79
847
134
693
566
411
670
812
688
272
734
692
764
361
22
791
814
695
486
955
351
635
649
405
388
115
701
39
5
503
650
432
833
700
568
739
728
752
766
899
369
239
360
853
438
54
17
494
197
534
954
375
423
291
193
206
686
646
389
455
131
279
0
314
686
319
815
927
42
589
55
687
511
976
616
709
42
460
518
574
906
168
869
668
172
815
909
249
154
302
38
746
351
830
774
1
302
673
320
872
476
139
384
971
698
993
997
893
248
597
901
862
639
5
575
371
325
984
965
134
790
42
193
704
641
114
513
284
409
538
22
422
517
967
169
620
579
467
95
660
872
367
647
966
386
652
905
107
58
923
98
470
660
563
189
353
961
676
708
660
799
122
647
354
799
532
540
748
632
613
455
962
250
259
716
342
277
454
715
268
763
651
755
408
195
834
83
574
719
252
485
239
633
673
947
66
473
409
958
82
706
617
949
215
630
649
635
991
271
259
653
334
48
534
490
948
891
789
27
246
540
858
76
679
669
406
932
193
603
757
66
358
482
701
936
460
13
800
645
457
392
419
621
554
737
62
28
634
308
100
124
410
30
701
890
180
964
275
935
524
238
625
446
161
934
755
569
968
77
794
321
362
728
254
550
31
102
841
971
787
142
713
38
496
478
806
279
484
943
502
246
317
408
949
250
850
407
473
256
403
719
133
952
108
39
123
158
102
863
600
863
806
385
539
458
