10000
948
9724
3957
5051
9914
3798
1430
1262
2704
1193
4623
1993
4698
1305
5128
5684
3297
6763
2481
9989
4854
3115
4288
1232
1462
4484
606
8563
5374
9708
5570
8273
4593
3294
7133
8476
1864
5516
1928
1768
2937
7668
219
7294
2316
4674
8320
9231
9577
2135
7720
8650
7446
1081
7052
3616
8352
5819
3734
8773
5752
4478
9360
2857
9264
3447
9245
7336
8645
6563
2343
3727
1823
2553
8553
8784
6471
5263
8734
5095
1417
9904
4714
3070
762
5644
4792
4447
8075
2432
3091
2408
8447
1303
5496
2099
3801
5249
4987
8502
2298
2404
7866
8681
1226
2912
3856
3654
7172
4631
9883
3702
9127
93
5423
4489
6505
4348
9227
9526
351
8891
2093
8484
6747
7440
2098
8135
2757
9844
1889
3120
6958
6502
8441
526
416
9122
8727
8906
3754
6803
8957
1666
427
4966
175
2883
7404
2738
2991
5308
9539
1381
1452
913
501
5376
967
5453
4252
8918
310
2764
3946
5409
460
2744
6076
9334
296
9202
1042
4426
5133
9652
7678
5636
4898
5268
7211
2212
6235
3371
6336
1093
248
646
7813
6224
3117
9197
7653
7473
3442
6051
3909
3677
9531
6702
9524
548
9594
9015
7651
2612
4035
6211
647
990
49
6323
701
9405
2791
7641
2685
2532
8698
141
2274
6326
1549
1327
3129
1052
77
333
8520
19
7710
4423
6721
7541
2181
3249
3222
3401
503
7785
3743
3229
4450
538
3675
5106
2939
7167
4099
744
3240
5052
9573
3420
2943
9994
6559
1280
9071
8930
7706
4538
9037
4748
1034
1167
4753
3848
5651
2994
5826
3164
6014
7863
2527
5599
2956
9805
8944
3349
6266
6859
2524
8076
2581
4938
5964
7399
5696
7556
4880
6665
2420
5339
1232
1637
3240
7293
8534
8723
9393
7286
3274
6261
9451
3718
1534
6235
857
917
2284
8243
5049
5317
1420
5109
9035
5239
5722
6398
5700
5360
4792
9868
4638
1917
3999
9706
5986
628
5884
7291
1625
9101
2569
6108
9615
161
8793
7605
1785
7250
8120
3489
5416
5564
1474
9087
6623
2843
3779
2199
6370
5180
1695
833
127
5160
9027
386
9329
6430
9227
7704
6082
960
7109
1321
545
7105
7222
9143
101
77
3597
5846
2513
3130
8757
609
9592
1502
6446
2362
4914
1889
8541
8897
144
3956
6146
8534
3500
498
6587
6850
7525
4006
584
3939
5386
541
2575
4551
9492
365
5073
9964
3353
2390
476
5620
3215
824
946
5102
5949
7062
1114
1059
5272
8586
2710
5823
605
4712
6053
5889
8969
7383
2057
5588
4689
4237
3435
7966
9135
474
8125
2841
7899
4425
8369
7729
1019
5650
9257
8221
5963
9428
6334
9665
6048
6257
9749
4579
4617
8729
1311
6412
7223
1628
880
242
3647
5274
3986
564
9230
9693
9242
3830
5213
234
8075
2045
324
4980
7034
7405
8851
2721
2882
9185
5103
3873
7513
3946
7994
5516
1650
2589
7351
1435
4548
2534
4860
9579
1244
9489
6536
2541
2431
2938
4535
289
9762
723
3940
276
1917
695
3150
8455
572
9436
7790
2499
1000
9262
3992
1353
887
3482
8208
6735
2543
9448
8335
2552
5057
3389
534
2162
5379
9759
6978
1143
1966
3578
6769
1628
7994
4018
340
9758
2054
666
3253
2893
588
9909
4346
5833
2276
732
6907
1613
9096
319
5953
3977
8105
9647
7263
1397
4992
9003
3830
2658
519
3001
899
1587
5801
2888
1004
4764
2806
1859
1659
2746
9708
5929
7129
6323
2531
9179
4351
1551
6583
2373
2537
8647
5900
4384
3788
13
7389
3271
1018
5244
7925
4585
7747
9634
626
703
366
459
1142
1807
6968
3903
7168
9712
6124
6271
570
5166
6933
4492
2132
2416
6480
7433
2322
5224
8197
242
5138
7515
9110
2621
2912
9890
9753
9407
1437
8752
3827
8834
8205
9733
8630
678
9296
8770
1452
9670
7075
3774
7604
8077
2088
681
7421
8984
5779
1295
1297
2941
2791
1807
3316
1820
880
7516
7612
7013
6418
5139
1427
5194
7970
3598
7114
8774
8867
5737
3409
3823
8325
8820
341
1336
3705
4216
8569
794
8583
4925
8760
1428
1347
1338
1785
417
4526
9263
3045
9945
2969
8624
613
3690
2783
8403
2223
6360
2339
8364
9698
9346
8968
5622
4607
5767
1760
7957
6076
2601
7575
2713
6211
8722
8257
6422
9008
6532
2144
3970
8795
8165
2170
319
3474
6250
2283
5113
3707
5763
3688
6754
2664
4632
8180
1005
6427
4258
7477
1959
733
8525
7961
5532
5834
3692
2950
9721
2415
4366
4863
3678
1399
3024
2622
1991
3969
2579
1710
3435
646
6239
5032
8900
9290
1384
6273
7760
81
2159
5761
5863
5204
2157
7783
1918
8068
8748
1307
9020
1310
5894
6644
1931
2880
1106
6603
6689
1771
1227
9136
1808
7609
6740
3244
7914
3969
154
6391
185
872
6216
730
5501
2330
1473
5143
215
1610
6617
5656
7223
5174
9172
7046
6545
1823
4852
75
6421
119
1293
1001
2943
2956
379
1644
3724
8500
6502
1742
8542
5129
1173
4026
7985
2359
9457
6515
7503
7251
795
3077
7889
5359
2801
2924
5768
5067
7469
3748
7243
734
9646
1041
5521
6070
2731
5536
2449
3788
6533
8366
136
203
4860
2663
3851
7410
2405
1201
4062
200
6171
1563
8628
624
8692
2272
4887
477
8021
7552
8635
1672
4776
8592
9726
4592
5228
1137
9795
9216
7966
7903
8239
7239
343
1179
5987
4244
7158
5803
7211
3297
4560
3856
7702
7138
9301
5913
5160
4173
8037
5094
9660
1164
7410
8591
1710
2721
71
2181
1048
4969
761
361
4859
2869
382
7789
2400
2565
6636
824
7471
9333
4706
6382
8496
2940
7629
9198
2113
1602
5972
1965
1735
2083
4356
3268
1896
7378
8083
3318
2153
9711
3727
7509
739
283
1895
2693
683
1180
4301
8528
2402
2124
5050
7547
9514
9015
5522
1385
7243
933
4442
207
9700
7476
8503
3224
9446
2042
9784
1178
4173
1209
3447
5017
8128
8164
428
9770
1852
9073
4163
2315
9996
4816
8191
2209
8844
2683
7071
1793
781
1357
8527
1075
2443
6728
7746
4660
2254
3986
5391
1611
526
4640
2586
8622
8010
8982
5060
422
9275
7101
3541
8417
8052
502
3657
4438
5229
6975
745
9806
7233
1395
4700
2273
2276
4934
6061
3838
6953
434
6511
4144
6978
2587
4350
4125
5641
6234
728
1424
3136
6296
3068
3130
7572
4377
6209
4756
9767
4027
4490
3176
4301
9519
1896
3489
1095
9063
737
7088
1679
3473
4448
3056
2723
2275
2493
5693
9477
4439
2063
9840
7042
2329
6686
8350
1058
4351
3694
2898
8672
6152
7865
6951
3962
760
3212
859
5915
723
9605
1873
6071
5143
2971
9077
999
8335
4078
7557
9478
9142
625
6414
6954
8281
6118
1573
9751
2128
4728
3352
7745
7534
8206
7315
9696
3942
1439
2503
1641
1697
3809
184
203
4045
4471
9382
5703
7272
9482
9551
9875
4142
438
5570
1184
6335
6393
359
6395
437
9320
8750
8977
2532
6162
517
8183
3378
7993
7453
2761
2873
2270
7919
9489
7035
6572
363
5850
5766
9624
4338
5333
9800
1383
2021
8700
1620
8625
5100
2470
3029
8868
3708
5642
4611
2924
99
375
7172
5058
6726
4419
853
2755
5501
1474
1993
5522
4860
42
5136
8736
182
324
1964
1339
3085
5286
3904
1701
1789
5423
4682
2775
7594
7202
5714
8533
3510
8727
4451
675
6088
4110
8570
808
1722
9046
589
34
465
301
1343
1595
9874
2520
273
9578
1907
4613
7594
589
2016
9743
8425
1830
688
9938
8586
5267
8263
8896
2600
8115
9452
1684
9139
5285
5438
2756
5522
8515
5682
2700
522
9056
2880
1097
2623
7837
4240
8243
1738
8034
4671
5886
3853
6523
5254
8018
4451
4256
9164
810
27
2042
2715
2107
310
8355
1105
198
4974
766
3768
6735
7914
2519
423
3966
703
6475
6122
7318
5562
2859
9776
3044
3275
8733
7236
730
3636
7172
9391
3133
1699
6817
6523
8236
11
2729
8779
4930
3690
6281
4425
1486
1702
8392
4863
3312
7225
1084
7275
3639
2927
1664
1885
9145
1102
2804
98
9714
1109
6229
486
8801
840
3727
2438
5279
8043
4432
8580
4785
1901
1486
1038
3920
1943
7468
1393
4520
5924
1417
1097
5821
9572
2666
3917
6389
1692
9
5449
4497
7552
9725
5755
8413
6163
988
1234
3563
8846
31
692
795
9167
2501
1744
3359
3332
5546
9731
7243
6025
4153
8510
3138
8638
784
4391
2943
5965
8547
2415
6961
4442
3732
2405
5147
2940
977
8441
8538
7035
9406
9203
8264
7770
9605
1125
4241
742
1739
6270
7108
6080
2900
4113
9980
6216
8090
4661
8480
5866
778
1038
6872
4510
400
7708
5377
234
4069
7730
770
1867
2981
9962
1232
6548
6
214
8895
3685
2933
1930
1242
7360
963
1721
324
1960
1664
3374
1408
1595
1527
6108
815
6818
2427
8999
6984
7062
3728
7525
412
4469
29
9951
2474
9829
608
9260
6464
3544
402
3232
1044
465
3037
8832
8802
4006
1899
7546
8871
9911
7009
6099
1565
7838
284
9216
3815
4535
8650
8233
1040
8914
4829
8987
6271
5734
2475
494
2286
4648
4890
9526
8347
1484
6282
461
9630
9596
9731
9793
6748
295
3136
1466
3180
1451
3292
9662
6760
9254
4460
1176
3046
8377
2205
6951
2871
6174
6368
2595
5743
428
3219
8534
2023
7529
7555
5304
4912
607
2174
2795
7961
8786
8285
6344
8674
8945
4081
6169
9905
1610
942
9657
7477
6211
8598
6553
6794
1318
7207
693
4109
4493
1063
2502
6912
6735
2334
1273
9103
9097
1254
2064
5860
2449
9455
9623
5112
3479
7526
5706
6075
7484
7574
6196
4967
407
5455
1643
8528
9590
2374
6363
5310
5090
6334
4816
9357
1031
8565
9960
4548
8994
3378
5944
8070
3835
3342
1102
214
8389
2880
5303
7902
2084
766
9762
6802
6367
4768
596
64
3205
3415
5933
4091
7876
3022
8923
4440
600
1120
7709
5944
4402
4426
1147
3719
4825
6338
8101
1284
8885
1641
4825
2914
3337
1085
8537
1087
1360
7378
7388
7667
8172
6033
2179
315
3147
1201
1102
1511
9419
1798
7313
336
4063
1895
4450
5134
2787
1764
8852
3513
348
1384
6968
3983
2964
4331
9922
9349
5604
1900
4362
5265
5986
8397
4325
7272
3070
5950
3235
7587
9720
2095
8010
5431
8596
8288
5459
1685
6112
7099
3571
7215
37
5765
29
8876
9244
2161
7765
9934
5651
262
1160
9362
1936
2834
8043
2296
5526
1198
33
5028
1990
2131
3793
1284
1559
2189
9383
5938
4217
9520
8922
7820
5382
6217
7902
7938
410
1462
7899
1840
3764
4936
3021
6894
2334
8600
3757
612
4730
1416
9040
1089
3277
27
6799
7534
8385
2727
1495
7502
309
3130
785
345
5687
1947
1781
9178
6789
3282
2602
6421
4080
1707
3553
9068
4515
4647
8339
8100
5075
8852
632
5604
1654
5294
9450
7246
6377
2341
2665
9185
5853
1729
7024
3230
7665
6547
1224
409
1430
8366
7836
7379
2607
2438
892
5830
4071
4088
9573
7456
8360
1834
785
1603
7913
4372
9548
300
8552
9551
9367
2531
6104
7741
9184
1730
5436
3082
8625
5418
3941
1617
9847
6306
5528
6770
1542
8626
388
9730
5532
2031
1026
9235
8307
8087
4941
3398
5179
7232
7029
5118
5368
8891
1807
8823
8023
8991
7759
6231
6438
6724
9417
4867
261
7148
9203
4885
4840
4873
3871
8541
5198
1995
1384
6006
2071
1096
1115
2667
8113
8161
1337
1417
8339
7283
7497
9558
750
507
803
8450
2721
5582
9514
2413
5452
4504
3562
3050
2952
6258
3187
9954
6773
938
7923
2108
6547
2638
3067
2171
6565
3864
2875
1368
4946
3761
1504
5922
2094
2431
9839
2740
1129
4753
1378
9942
1014
7021
9778
8070
6415
7671
789
4792
7671
2037
6539
9115
4576
3456
1220
8831
7966
1934
1524
132
1292
350
409
9124
4925
499
8620
8180
2614
8501
8710
70
1754
9540
2598
67
293
8270
160
3575
4526
6355
4999
3613
3527
8568
9790
3725
1734
3385
5196
2788
2473
578
1822
8995
4101
5567
4465
4394
2032
7058
705
646
6160
949
6939
9704
787
8721
5802
3752
3184
7310
1248
2730
9134
8956
8482
400
964
6049
5818
1120
4721
9476
4375
599
6461
3610
7639
4318
8767
2159
3112
5373
4704
6328
7900
957
1391
2886
7707
2466
5943
668
5101
5208
2735
7109
792
6557
736
8416
6118
2992
7100
8046
7723
7625
2524
5726
3046
1433
5035
7045
7174
3187
4306
2036
9679
1115
3971
1669
2428
8253
4314
2855
3783
2033
5728
1482
1239
6830
5346
1324
4538
7885
1506
6022
2547
1760
9260
8129
229
9762
4188
925
7921
7184
1102
626
6652
2473
3222
1944
7541
4882
6257
2645
1925
3037
2347
2037
8136
10
2770
7967
1387
1982
2667
181
551
548
1156
2156
8909
9410
4106
1741
1409
157
3212
4235
5068
1711
3903
9317
8877
4744
1716
1167
6032
5826
9655
3004
2514
2890
200
9423
4388
5852
911
499
1694
6765
3612
1494
7909
1023
6573
4477
1952
6289
9668
116
4119
517
6376
8134
3293
2695
9850
4668
5552
1322
5851
1817
1966
5348
2349
1893
5899
7837
6631
5687
2496
7348
1244
7721
3462
5795
5134
7319
419
4997
7022
648
4868
1124
6600
9777
1436
519
733
7286
9036
6524
897
178
5108
5266
6535
3928
5688
9595
5817
1499
7734
6160
652
1995
4743
998
4467
9953
3173
7087
9971
558
252
9076
599
6063
4979
4161
9189
5507
2445
6209
8656
8527
4347
1916
3135
9202
5396
558
4526
4117
440
6762
4884
6134
33
4447
9317
805
363
297
729
2461
6150
5995
7229
3079
1082
9260
9256
8172
1914
5696
288
3274
4811
1497
670
6505
2375
6236
9951
6766
205
4105
3436
1536
5020
1734
2797
2569
3168
2059
7962
6862
315
1283
946
8419
3464
1153
1423
4777
5452
1921
9785
2329
8190
2673
5178
2518
4776
5455
6578
8638
9342
5605
5021
257
31
7299
2545
8374
1018
9499
4012
8313
5139
419
1806
5641
4101
6566
2626
7170
8474
1292
9507
646
7193
8268
3613
737
2000
351
1729
429
9490
5606
333
1171
8338
6126
107
1155
4369
1139
3209
4790
5957
9428
9929
9810
5994
1925
9017
6782
1037
9066
1878
8071
2791
8035
4909
8082
2550
5298
8323
8802
546
2613
3749
6572
6783
976
1554
7050
238
5195
9095
9389
7209
2108
8267
1958
5935
582
1501
5703
7836
6578
2154
9797
2509
5884
7220
1056
6803
1826
2111
4695
7894
7593
1630
8342
683
689
4093
3697
1129
9577
1664
2021
744
1109
5372
157
6203
8351
9124
8371
3744
173
1192
8679
6598
8194
2376
8517
8078
935
4447
546
6245
138
6782
711
1697
4647
9462
241
569
3591
123
8792
8586
9623
2629
8446
5639
9674
8456
4347
1041
2273
5446
4615
1864
5498
4195
2743
1568
2471
9514
9228
5799
7841
1231
5800
4423
8316
532
4562
5879
9004
127
7084
9094
8616
4252
6835
1339
8687
6975
1078
8342
3080
5901
6235
3371
5262
5708
2831
2641
6828
1560
653
550
4149
6215
3616
5333
4935
239
508
2634
4513
4854
474
6341
5139
58
9602
1422
1988
6915
2830
7208
1642
7446
5372
9976
7413
9163
5765
3000
4941
7665
3468
5511
510
9424
985
8308
1057
4351
6198
203
205
87
2121
6270
9549
9928
9764
2264
4803
6955
7289
9374
7549
9495
898
8791
504
488
880
5598
3827
6045
5058
1189
6997
7761
921
1868
3777
7004
8490
3442
1400
7434
7539
2234
2751
9341
1841
9570
7588
9454
8961
145
8171
2602
421
719
8318
7595
8170
4186
1044
2212
4312
7414
3377
7345
4953
1940
9039
9630
2974
9302
4810
1111
2894
9457
6194
6608
3552
8996
4957
1526
3004
3304
4188
7382
285
4921
3263
4844
4441
5461
1931
4510
6084
9506
1882
3514
6337
1860
5027
6493
3979
1919
9612
2854
6707
3338
7406
5643
2427
5525
5688
6730
6931
1740
2358
7282
2801
1580
2979
1347
4390
6294
669
9651
6735
3810
600
5283
2377
6838
1542
2994
105
1990
3605
3616
7082
3918
1689
7653
3656
2398
1020
7842
3373
2981
2755
8584
4554
4673
2035
4360
601
9894
9220
1644
4128
7694
1156
6420
5496
9487
3391
1827
3151
9539
9822
795
5547
8644
7661
4981
5008
1110
6354
1318
84
7498
7690
3167
864
3664
854
8660
5242
9644
5623
95
4865
5085
2725
4373
6008
9834
1462
1289
9191
9005
5453
2704
3214
6837
17
7269
1915
9718
1248
1134
7166
4868
1092
2975
3019
4576
3397
9933
8368
9105
5694
2981
1512
2631
788
1342
2111
5309
9956
2509
263
2461
4620
712
6314
760
1230
2524
6849
1766
497
9410
2612
4842
7432
1088
2115
4457
2246
8620
5156
3709
1330
5575
3678
774
3912
7671
8822
2448
848
6677
5448
9162
1139
4329
3432
9014
7083
8818
1017
4589
7514
3019
6766
9045
8958
2346
6911
3077
1379
1610
3134
759
2202
8747
4171
3743
3129
1225
9045
732
2194
3355
4258
7693
2985
2284
3808
3142
6672
7055
1596
6547
949
8047
5092
9276
6766
8261
440
2297
5540
9469
4950
3272
1294
6203
7303
4029
9167
3546
3571
4281
9827
4933
476
4894
5061
5290
6266
9329
2405
6507
2803
4257
8073
1495
8173
1976
9729
9337
6
9472
5327
287
8372
3367
439
7246
6121
7910
4147
8163
2778
1854
8426
6637
9392
8628
1970
506
7518
8399
1699
3743
2051
8127
1390
652
1715
5456
30
2750
6113
208
3806
3063
6288
573
6476
1243
714
7154
5420
2285
7696
4084
7679
6522
2260
7784
2469
1539
6627
1351
3585
929
5495
9588
4797
948
6540
973
398
204
769
3905
968
1548
9473
6290
9557
3164
8835
90
6194
7870
6174
7314
6123
5475
4609
5041
5016
6751
546
5522
2104
8602
3558
8329
4653
2568
5825
1655
6871
4540
7486
3756
966
7640
2752
7629
3146
808
5274
534
446
560
9484
4225
69
7218
2399
5799
7763
5413
3043
3959
142
4595
5399
597
5942
6609
633
8037
1571
356
8511
1208
415
3522
9909
806
1252
4807
6327
8861
5239
2441
5714
440
6373
1070
4166
7556
252
1549
4078
4351
8365
9570
1683
2593
1649
1686
1614
2528
1626
1694
4829
5967
7323
2290
8776
6678
3962
4161
1492
3704
5637
355
839
688
739
1951
8877
526
8957
2863
7659
3489
749
2560
3506
5381
3381
94
70
479
242
8816
8928
1526
9395
9024
7841
6277
1909
2398
4535
1950
865
7589
1493
2641
3880
2077
4238
5949
5581
9043
1218
1110
9044
2662
4540
2744
5210
3347
9659
3579
3941
8660
2032
2407
4029
2484
2407
5274
732
1414
7962
9816
4306
3879
8354
5842
5355
2032
7759
1626
453
3457
1770
8822
3852
1803
8889
6723
5369
2172
6387
1995
2555
5456
1332
4154
2788
8950
3971
1214
455
1473
5779
3469
1808
5408
2759
4476
2501
2465
4617
3613
6363
1457
1452
5640
9085
278
2160
8685
1784
977
4151
2232
8154
9038
1062
3335
6925
5614
845
7352
6110
4599
5194
8406
611
3114
8395
5670
5965
9622
9796
6221
265
379
4752
7988
893
8449
4234
5487
3778
8922
1966
8202
9964
2069
1420
7540
9090
6116
6461
513
6042
9489
457
5611
7652
1612
6840
2889
6939
2584
8711
7555
6039
8471
9582
6932
7046
6739
959
5008
8668
1615
8434
1224
6680
7277
1343
2620
4394
1617
2139
6001
9138
3829
1783
2627
6794
1966
4788
5308
9927
6031
3820
3974
28
8734
669
941
3087
3940
4151
8921
6864
3880
41
2795
8615
8526
1271
8213
4877
4187
1550
2687
366
4748
891
2487
4366
2760
5753
8440
5514
1940
6313
1167
7200
5078
7863
7594
641
1676
2666
4385
9541
4221
3932
746
1088
4208
379
2216
6740
7883
720
2387
2471
8367
8238
2014
2551
3491
9437
7973
2059
3421
583
2005
7755
8936
8898
177
9107
1635
4096
7889
6499
5894
1299
5854
5499
3851
3813
9084
8646
442
9095
7094
7044
1940
3016
9057
4301
2869
9592
9770
8466
884
8062
1457
6054
2653
3863
1082
1197
3873
9232
8641
3
8603
3990
3534
3792
7047
3755
8761
651
7118
172
2368
685
8325
5921
9719
5656
8823
3396
1567
9720
3104
6149
9978
616
3323
734
2878
2935
8510
3139
9640
940
5733
8972
3843
1224
3452
1126
2217
5276
1313
8102
2248
3307
4905
3616
6665
3425
5729
4839
2974
1348
8920
6518
1817
9657
1724
4302
5
890
8498
2385
447
8199
5418
5567
7012
3594
3858
7278
4210
6432
1178
2159
7111
901
2967
9806
5279
271
2716
8571
6540
4958
6
1271
2246
1090
615
5553
9846
7709
5157
6738
573
2058
2244
8213
9610
2783
3585
3371
524
495
4080
1197
277
3
8329
8628
272
1322
2590
1590
9460
7166
6401
2321
4792
6985
6435
2285
3353
3816
4336
5773
8859
9727
7241
6471
6685
1214
1858
9300
5200
5234
1069
4729
9705
4926
2406
1255
1844
1403
4609
8785
795
669
5441
4780
4008
6345
7610
7419
9960
2948
5785
9500
5168
8110
659
5020
6852
6319
9659
8162
3302
3648
2408
4619
2459
1597
7750
7602
1220
9497
2780
1859
7020
1474
62
8032
8237
5095
9011
1763
969
2152
6554
2197
2085
8269
7496
3662
7208
9914
1877
7326
3685
7361
3113
7851
1316
952
8673
780
6184
8748
2022
3174
7549
6134
8800
4661
4080
1629
262
8477
6788
9020
6521
4113
4290
966
898
4547
8416
6056
7929
5662
6229
3229
9112
993
924
4471
623
3708
7
4765
2009
208
5366
1744
255
4290
1929
5730
9131
5840
6306
7225
1168
9768
1950
1120
8760
4949
6853
4880
8366
8010
6304
9501
5549
6804
7802
2483
1880
9739
6986
7315
6092
2794
9169
4248
1395
2512
7663
4111
8138
4486
4746
8214
1573
2417
722
8884
2658
2794
7998
2602
3803
7948
8603
1352
2320
2093
1415
323
788
6497
2441
3094
9607
8652
2291
1830
9252
3655
6490
3179
9019
8469
4741
3979
3346
1286
5589
7497
1688
59
7508
446
4922
3322
7777
9191
3001
8789
330
4944
1291
3110
8251
1262
4337
2318
7175
1523
922
3551
9107
9038
9958
3126
9099
8129
8766
7101
2560
967
3089
2143
8447
5717
770
717
568
6512
7616
2241
6060
5536
7398
4674
9016
9604
4052
4519
9202
3670
4637
6767
4466
6416
5588
9985
2499
6511
4640
4863
362
4695
1623
6800
214
9031
5994
9917
1976
350
942
4620
9221
7373
4251
5020
3129
8367
6200
2801
8399
3624
3158
9377
846
8042
2523
157
7030
1053
610
5540
7052
1007
194
4132
3458
8778
9772
514
9722
822
5897
5981
3372
1807
4291
2254
5542
4728
7443
9826
9428
8351
3147
6187
9248
8035
3828
9875
9419
4228
4683
6067
8941
9161
6456
2132
9626
9432
9647
5300
854
514
8458
8731
1178
7964
5559
446
6694
5558
3662
6147
1593
9829
5798
7974
4464
4675
1784
492
3803
4586
4931
7654
598
8109
50
1144
5879
6008
1531
8570
675
7241
7210
399
8246
5518
6157
7941
5282
6353
2721
4668
7143
6114
669
2554
2309
8707
653
8478
1726
1226
2258
243
383
962
1528
6632
1248
6835
5864
590
1050
1907
3791
9169
9288
221
2559
6282
6561
7841
3396
644
1894
3036
4618
8175
5159
7802
2845
2658
9371
3785
8704
8051
7679
528
6194
9179
9406
783
1455
8662
1026
649
5219
7273
6426
8367
4068
8519
4044
7679
1984
2757
141
2509
8404
2892
5343
1024
8286
9743
4794
2449
5302
2958
127
3775
265
1723
6968
38
2710
6059
4516
3762
8797
366
1954
2334
7283
1970
2267
2146
5691
3733
2517
9756
7314
730
1749
5438
6122
1567
8996
6249
2522
9420
9158
7368
7475
622
9655
96
1334
2020
919
6774
9972
6458
40
6738
9942
2692
9557
8290
3711
9725
5365
7778
5006
8913
9824
3963
6408
6776
2081
9225
2597
2325
7229
7666
2474
3517
7827
6996
7399
59
660
8301
1714
5907
5029
577
9844
7173
9731
9016
1682
3701
8598
5654
2431
1705
4969
1983
1184
211
4328
1498
3360
3600
7819
2421
4660
4239
7555
90
1042
5190
2419
7728
5134
6962
369
5093
4853
4477
3164
6923
4462
9285
607
240
1677
2106
1911
4578
7242
6296
3426
3731
1009
1142
9897
9082
4347
6206
8480
6506
765
5630
8667
3062
1632
7454
2451
373
6737
4100
8488
7075
8889
2452
6121
7241
4896
1852
867
8221
9517
1807
1703
9900
4578
8815
1759
2024
6598
5184
5953
2221
9602
3867
5668
2008
752
8641
6771
4282
6256
2577
2593
3161
5485
7068
44
7367
4304
8646
8612
9079
7699
8639
590
7294
7625
7523
4420
8087
156
7599
4431
986
4487
1125
5176
9197
4022
8594
1771
762
842
6877
8925
6867
3985
3811
7455
180
485
1
7411
3017
5156
6577
7231
3744
384
4138
8224
9967
1287
2225
1313
9865
2422
7364
2732
8957
7722
504
528
1536
2455
3776
6420
5740
3341
4018
7003
248
9623
1093
3320
58
2774
7758
643
7626
2077
4267
9005
8361
1630
7423
336
9234
4934
6815
4907
9776
6276
8220
2461
4401
1423
482
575
2553
4489
6912
8583
986
9662
1370
3418
7154
9586
2204
4482
3397
1370
5023
848
2588
345
2208
948
2782
2990
4143
6523
9839
8860
5174
8232
7703
907
4011
2374
4244
9277
8535
2892
3586
5219
7320
5810
953
6608
6755
2579
3288
5918
2254
9940
9969
5808
718
4468
1973
6552
3820
8964
8721
1098
2685
4841
3097
1361
1810
9360
4676
1537
2813
1873
5320
8204
3094
6855
2264
6840
4445
7871
8379
4513
3312
9647
3679
4539
9439
6857
1581
6715
750
9103
1231
7831
1659
3929
2783
7146
2833
1797
7410
7085
1564
1039
1237
3363
9885
6706
1590
6963
2352
3469
1990
1547
1517
5433
9358
6114
7212
1482
2464
7407
9645
7604
3567
345
886
80
9506
9919
3070
2047
7396
8185
8954
6078
9696
1038
7621
3770
9131
5639
981
2662
9058
3172
1692
5483
9574
5486
3533
6352
3253
5388
5648
3386
1627
1914
9815
6981
4857
1398
6178
2419
2053
781
1503
85
5137
4407
2198
3016
944
7982
7652
7841
9526
4980
2935
1773
6592
2357
7482
9650
8661
7482
944
9162
1003
2256
9174
1265
2668
4441
8388
1788
5722
2801
853
796
9777
9476
6552
4900
6620
8318
7573
6039
2187
4323
7540
2838
1299
5648
3258
5897
1174
6113
8149
8667
5909
7541
5883
8667
1156
9199
3598
48
6909
4158
6530
3356
9143
5087
4050
3669
8839
7425
3840
0
6376
4153
6540
9935
5352
728
5719
8092
9363
2074
9687
3894
8563
5919
6445
2332
8008
4191
2742
8119
3813
8442
3184
7549
2075
5679
7869
9059
5514
8062
9132
8803
6437
5790
774
8111
3493
2179
3767
8340
2337
3451
1182
7858
9805
1992
5254
5579
2528
771
5493
7946
4330
8463
5045
5031
7958
8523
8850
136
1484
6668
4019
8937
8330
7851
5980
3439
5700
3802
2499
617
2522
1165
2529
136
169
9575
6284
6369
4564
4818
259
6961
4981
6243
7002
3168
9486
957
406
1449
213
4437
4187
9833
5792
4550
3236
5782
8877
3078
1058
4610
117
4505
6826
3024
2657
1700
4168
1766
8973
1652
6952
1923
7517
3024
3526
5667
2670
8684
6388
1345
5934
3472
4909
7260
3102
5705
1287
3261
4086
2238
2014
9112
1402
5589
4207
5377
8892
5079
3122
4545
2226
2817
1452
5081
618
6493
4211
9174
4059
240
2147
3653
8734
3397
4880
2697
620
3962
381
2252
2089
7193
7517
322
8738
3835
777
7076
2963
1176
5249
6587
1340
6529
8374
9706
1589
3553
9303
9441
751
1457
7306
8768
1165
4748
9614
1193
2019
2035
574
2922
573
5841
7609
1849
6724
7025
1376
3488
5885
671
5007
9947
5570
1068
2143
5631
5732
326
8635
5166
5921
9303
4690
8104
9939
7277
2509
6276
5978
1002
6818
1999
1387
2525
1912
9172
1576
8545
2347
9310
5602
2388
4738
1322
1324
2010
2079
5407
2514
2147
4391
6914
521
810
4163
1333
4233
2720
2086
577
7257
9241
6640
3396
8842
805
707
716
4519
1841
8772
1957
1450
2671
9139
9279
7250
3299
78
8147
20
8032
9411
9895
4352
5843
6021
9153
7382
9261
9217
6905
6697
3495
5234
5889
8642
689
9393
1241
5623
427
7233
2638
766
7080
8026
2563
5309
4480
1236
1219
7108
1749
6118
9493
2221
9864
7600
6049
6882
4300
2662
4403
2912
3340
366
974
8955
6937
7420
3986
2739
1718
283
9120
2277
4855
3567
7325
3540
7927
2152
5782
1257
3514
7594
2964
2249
8402
4971
2000
2694
1686
765
696
7833
1183
7468
3937
2110
2453
3194
5760
7024
4890
4746
1892
8871
4453
8585
4358
527
546
5395
1253
6876
7223
3733
507
1402
5354
175
3539
6169
7249
8061
2511
1161
9498
1782
1093
7362
429
1940
9082
184
7487
3413
2466
3133
3544
5489
6326
2631
8679
574
8071
8067
4292
7856
5890
1658
1910
9524
5461
1124
503
7599
3985
6986
1892
8979
9776
3664
9433
1234
2809
7234
5421
582
4449
110
1786
1807
6068
5059
4896
494
7701
8632
4281
99
1362
8305
400
5298
3580
5533
174
8619
3893
6099
9269
1770
5579
4127
8321
9308
8740
9271
9132
2051
8634
706
9745
2955
1065
795
8435
2238
8166
6531
4271
8485
8275
9941
7678
1281
4736
9838
2512
2713
5652
3677
5366
1604
653
1559
6862
9513
6084
2397
7428
6821
2372
6594
2743
3933
6204
8904
5834
6085
7443
3883
2252
8928
2620
1248
1738
9992
9562
335
9139
3825
5622
9902
2285
3129
9870
2928
6806
2019
384
1567
1949
932
6808
8069
2546
397
8246
3457
6460
9354
2836
5272
969
4154
6102
1914
7867
2689
1410
4086
6433
1018
9266
1040
2195
8033
4664
7667
6355
416
5665
6738
7168
3624
1341
9587
7372
7586
6894
142
8048
2566
2672
9442
9615
3084
1224
7705
9721
7666
8495
4013
9985
1245
6689
3899
2864
6739
256
3831
5691
5113
2287
9488
3155
3944
6396
3605
7420
8629
957
9656
5632
6049
767
4834
1060
5918
1739
7703
1020
884
3450
8267
1834
3810
3706
5830
9357
2873
4593
7476
8680
2709
785
6400
2815
8605
653
8434
9338
9006
6651
8774
2611
5027
7498
4047
2930
9048
7734
8763
1083
878
3770
6393
470
369
9702
3033
640
9865
2177
3283
8400
8318
9104
7370
6349
8592
9351
386
6222
2085
367
2048
2449
68
8729
9377
9296
8449
3938
3822
2064
1082
9672
398
1900
466
9772
3948
7443
1580
8536
8395
2685
8778
1523
5607
7859
9158
3219
1629
5920
3586
370
2878
1442
6635
4115
7280
3445
2451
791
9126
1714
270
2396
6450
276
1533
885
8632
4396
6154
223
1348
7510
2211
3571
7630
5979
1530
6776
9564
9960
1580
9563
2441
7022
1
7105
6677
2347
7268
5068
8702
5082
2115
2509
4877
1734
5049
4649
2148
661
458
9278
3142
6371
7391
4343
7735
7708
131
8335
8518
6318
4796
1027
2456
1149
4174
6635
7880
7721
4237
6490
2651
5582
5633
531
1240
1626
5919
79
2872
9301
2870
4300
1706
6444
8215
3112
9067
109
4728
1695
4212
4954
1546
2481
724
1384
9130
8200
895
7735
7045
1112
8855
9463
4736
6311
9722
1753
4167
3599
796
5139
500
2146
9127
4120
930
9326
9777
1384
7218
1681
7597
5044
8030
6286
8355
3653
6349
2784
2660
7005
38
3471
1273
3037
376
5185
6972
8665
2169
3506
2617
4137
9197
6231
4422
5009
9674
8768
6865
8724
2073
9676
8249
2212
2800
2210
1471
8413
6046
5164
2574
9363
1606
7206
7177
3753
5008
6280
3796
7059
1884
1040
9415
2318
777
2692
9070
3935
8165
167
2339
8761
9733
2553
976
1299
9527
1892
5040
7257
9942
1140
3126
7857
3567
7830
8848
6353
7057
9749
3468
9152
1466
6545
7276
4074
6864
1457
5943
9400
780
6890
9824
9887
6606
8208
1979
823
7005
9916
4572
1839
8493
4767
338
1983
87
3799
181
8415
3683
3999
652
838
345
7771
1138
8325
6745
6245
377
4661
1479
9714
7951
1630
603
1096
4385
6825
1912
9971
8893
9417
891
6662
8860
5989
454
976
80
3113
3550
1231
2474
7231
6914
2649
944
5127
2285
1800
6333
6654
2110
1286
5897
814
3910
3930
3786
9026
7745
8689
1835
7309
5064
2928
268
5036
6310
1561
6298
9225
9594
1901
1920
2657
845
8209
2718
4600
244
5588
5770
4299
9640
4431
1685
2631
1909
4909
2703
3593
1423
9037
1612
8437
5980
3462
5833
6266
4413
699
8826
2821
5182
256
5510
662
2465
1660
5797
2464
2726
7166
9272
2965
3391
6612
1115
9569
7025
8794
2279
5909
9452
2464
5914
1320
9038
9184
987
6041
9413
942
9272
8343
724
1569
5618
1236
9992
385
7292
7272
6731
1584
9888
7234
5033
7166
6067
8020
2113
1368
8890
6112
3454
1218
4044
1773
3911
6501
3626
4399
8308
3945
7021
5830
2594
9367
7086
821
1224
5336
3164
7638
1835
2146
4825
8140
9663
5605
3430
6137
4303
6672
3072
2481
174
1562
5851
6750
9007
3918
5807
3366
3219
4309
4768
9850
8673
970
6146
3376
1850
5947
4379
547
5277
8716
987
8697
6424
8848
1707
438
4993
2538
5058
8048
1476
7792
8958
7730
1470
9890
977
6948
1385
1274
8521
8875
2808
1956
1492
8237
2678
751
755
280
6874
9413
9439
8371
7886
5688
1642
5813
6016
5053
2008
5060
4344
9917
7069
97
9947
6666
3352
2835
9632
3183
2064
5905
8657
8923
8750
5028
1332
8463
7116
2251
4106
3381
940
3073
6199
2324
5596
4444
9012
1330
2472
2215
882
5353
1665
3763
4592
3053
236
5162
974
4092
5262
5076
4770
2263
7703
4285
1627
6897
7132
1942
4261
789
410
698
1405
5133
936
1349
6053
2272
236
4656
5545
619
5840
4240
8755
3348
4166
2816
9708
9930
1290
7820
2277
625
7832
8528
1429
6813
2253
4895
5059
61
8002
5592
3126
6826
8342
7142
3482
9808
475
2280
7911
5180
4932
5408
61
5638
4606
8367
3554
5729
3869
1169
2736
3681
2775
6725
4792
3612
7239
5024
8491
8948
6955
1314
1643
5828
7343
5273
9149
1353
8061
3125
5442
371
357
1212
406
3500
2410
3598
5352
5000
7261
7755
7515
4894
1406
7060
2589
4566
160
9072
822
5155
1277
640
9587
9667
2474
7557
6868
884
4795
2752
5186
2169
4074
2890
9350
7070
6436
9509
7525
360
6276
275
5648
8753
8453
9701
8044
9890
2402
1079
5980
2945
6368
2794
1944
6046
8815
338
1960
7864
9404
3169
4849
3958
4123
5587
3492
7507
8627
9084
7619
9065
7338
7023
3205
2465
3875
2961
7804
6137
356
6221
469
375
4557
3448
1584
7310
3062
1096
5713
1086
313
2833
1718
9297
9088
4512
3705
1459
1696
3451
1064
5778
6342
6360
7764
5335
1792
8206
5335
2802
4799
9737
3993
3757
5099
5794
6500
442
6920
4606
6454
2062
4568
9414
8200
850
8098
2167
1293
4904
4209
6794
1181
2571
800
7783
99
2154
484
2181
1987
6790
8746
2469
7759
4890
6947
8401
7036
2603
2636
4014
5713
8863
9987
9801
7360
4227
824
2194
1832
6535
2736
5906
2570
6157
8768
5314
2490
5971
6232
9151
7001
4109
1293
2553
6177
4902
443
123
8656
7288
1307
2528
9288
7818
242
99
6310
1369
5786
1063
2402
8843
9701
633
1558
656
3310
1347
4259
6393
1171
4290
6433
942
2080
2027
6229
410
3933
729
9175
6474
1804
1722
8948
3510
8699
91
8354
9935
9281
2544
6050
874
5527
8968
8523
2059
1875
1105
5157
1286
7133
7528
9762
881
1292
4692
2564
4590
1617
4740
9835
1240
6311
7701
7965
7084
1192
1544
3611
9450
5380
8772
4562
1628
9262
888
8959
9303
4151
2643
6439
6767
5647
2472
3286
2159
7960
5484
4102
3337
158
4818
3154
7307
7556
473
1115
5172
2177
8212
91
4085
9771
4714
3992
9434
9650
2815
6251
427
5904
6851
3634
8286
5167
7482
3955
2112
8893
2171
1266
1876
5916
3916
613
7803
4348
4575
6373
3733
1340
4758
920
5414
3150
8172
9133
3644
7900
8695
6135
3648
3448
216
5470
1243
1080
1829
1074
9323
1441
2586
449
919
6643
8667
7739
3263
3270
2909
8757
8679
2531
598
1579
9653
2294
2545
745
9097
3842
5078
5003
9053
9174
2058
7715
3133
5695
6771
6299
409
6270
159
5084
2201
9787
9382
718
1632
6986
3980
9249
5251
6525
1595
2668
3196
4522
8529
3859
4426
2543
1574
3294
6907
3251
8993
2104
1405
8254
2779
1942
3234
124
1156
6265
1250
9725
1124
5316
2725
5937
821
7570
4177
8259
63
9906
4304
467
7956
2245
9286
456
1470
4874
2114
9158
1541
3575
67
2156
6773
9898
1997
7521
7439
4896
4619
529
2639
7959
999
6642
366
479
2744
5132
7529
6903
5883
8536
2722
2869
7126
967
8966
5957
4217
3687
286
2406
9686
6034
7657
7184
8306
6295
938
7851
7116
429
190
1885
6621
6165
4081
2402
3729
1472
4737
6849
1013
5985
4787
2508
6881
2691
8549
7880
169
6942
340
1006
8014
7143
783
8705
3946
4821
9180
736
7340
4587
5417
6527
560
2115
4565
7569
3699
231
4416
825
7414
7846
4480
8370
1280
101
2853
1562
1561
6804
3488
4358
4900
5203
5183
8947
2573
7556
2524
665
9380
626
248
5364
5032
947
4482
3414
247
5130
204
2263
7445
5232
4959
7470
4075
2900
4797
8581
4626
7232
6040
648
1216
4094
4642
3054
8018
9499
1396
6252
3883
4795
4755
9766
8588
4125
6559
1639
9221
5744
7726
2482
8106
4262
2217
7258
41
4952
2677
5631
8539
2730
2677
9562
7785
7393
2158
5756
3218
6194
7355
9314
2522
8573
6530
8987
9956
6425
1894
2684
260
4113
4590
5156
6574
2672
2311
9452
4979
7049
2309
8994
1581
1115
8144
2294
296
2835
1644
9667
4052
9266
2025
8706
5224
2064
6845
1868
6970
5936
1646
5727
6796
9206
2085
9075
1897
439
9663
4509
5712
9680
422
5604
6672
746
15
6002
7157
620
1765
2524
5505
5345
4326
6486
2942
3372
3420
5137
5939
4057
2575
8679
4982
4150
713
8152
3298
9154
8763
1621
4553
7492
4030
9213
9675
6063
7004
2119
7799
2341
399
1647
8272
9914
4314
1748
420
1994
8727
3410
6746
5501
7041
8187
7530
4537
196
8651
1874
5417
9697
1484
5909
4830
5526
6999
8326
6515
9581
5276
8214
9285
1876
5012
6618
8994
4877
4021
7889
8817
8919
8118
2213
2755
7469
5172
8175
120
9468
4724
8896
1909
2619
3529
4141
196
4822
5720
2234
397
9356
7147
7115
9668
4203
2947
519
9155
6199
2641
2142
2729
9362
8583
7036
1619
6345
6522
1678
4810
6683
5642
1973
1853
8816
5926
2937
1792
5511
26
6719
6549
8000
2602
9774
1403
139
899
1822
3044
2369
144
8226
1243
1874
4779
6088
3973
7294
628
8287
4983
3672
3031
9960
1785
4103
8345
1472
4746
399
1379
3436
4356
5553
786
2486
3793
1662
6670
2552
8317
6465
7801
2214
7102
3021
731
8881
9474
1236
7388
4809
1176
7019
3633
2514
1554
2666
1963
9946
1112
1512
7436
4218
6513
2118
9579
9804
8606
4427
5946
1068
4247
1008
1158
1201
4442
3053
3886
9566
3857
228
7128
9076
852
6987
6545
7771
8783
1520
8388
5120
2644
7321
2668
1073
6260
7865
2829
71
4538
3306
9536
8675
2345
279
1725
3308
1560
8664
4046
6936
634
8084
2753
9945
3939
5826
1519
202
7176
513
1803
6474
9718
1049
6669
2344
149
1329
1423
7120
1678
2387
5063
6852
5739
4156
2519
7679
4751
1304
3361
9958
6630
9758
7599
1760
8989
9463
658
4455
981
9557
6826
48
7940
6834
9685
2087
813
3878
9451
4110
5345
510
9113
648
2566
889
828
7249
6167
6100
9105
6705
4748
5800
9274
2656
9787
5810
5652
2588
527
9700
2343
5672
9848
795
8781
695
5891
9712
2503
9690
2252
1891
6780
6359
4273
8788
1603
443
3193
7396
6436
960
5668
4060
4122
98
8740
1995
8843
8526
8381
6518
3211
3133
2137
8268
1677
1504
1872
3096
4908
3532
8806
1034
2121
1080
1156
8999
9606
9476
4604
8752
99
5612
6151
753
4454
5965
3489
8827
7696
6376
1496
9492
8558
4309
8432
1036
5677
5257
251
6660
5266
6331
8343
3355
6008
7619
5752
5497
8331
7589
1640
175
5493
8189
732
9390
9623
9770
5833
4632
6491
2112
9062
2628
3479
6568
4820
7333
5973
1803
1372
5869
8144
2576
1127
6254
1665
658
9444
7858
7243
9045
9701
6427
372
6394
7259
4621
9413
977
4500
5883
5700
1886
9121
2767
4576
8303
6013
142
5644
1166
6123
6252
4080
5010
4351
9115
8508
5050
4160
8490
4542
9133
8348
412
2070
5339
9661
8389
3416
73
2378
1036
2610
955
257
654
4415
1698
1955
6128
4587
5240
5937
8935
3416
4634
2134
9467
4464
7526
5140
5401
5468
1396
2372
5320
1348
9242
9640
1006
4424
9642
7588
3300
6862
3055
1596
1559
2605
7192
3983
1169
6122
1636
2789
647
6929
1775
8292
2356
9190
9452
5401
3895
8460
3171
5190
9720
8550
2492
2215
80
3964
9453
9641
4025
4289
2721
5580
820
4722
6250
5896
362
7617
1528
7503
5413
9667
9482
8034
9280
854
2372
6806
7644
3463
5586
2680
2468
9140
6892
8479
1587
7837
8602
2209
2085
2000
202
5193
443
2310
1360
2887
5251
2632
1805
3144
8392
2645
7363
1799
8181
6584
2471
6228
3152
9158
2488
7652
3332
933
6112
1770
7103
580
1672
1429
7262
534
385
9497
4198
8416
1568
2610
9365
1542
8458
7159
2039
1153
513
8651
3453
7556
573
9386
9755
5727
7054
9842
6833
5171
4000
9807
2733
2694
2576
3132
1326
5546
2799
5334
4220
3130
3109
4115
9910
2612
7656
9236
7180
6445
7820
2887
7007
2833
4909
9776
2389
2090
7947
3144
5633
4372
9045
2550
8483
6190
5178
1774
5260
9507
1611
5623
2708
4202
9845
1682
8848
9226
206
2375
1934
4050
1966
194
8898
2136
8352
4206
518
8673
7624
1152
2686
17
1607
1576
8890
7347
2669
7044
9263
5546
8398
1061
232
1961
5593
8213
1817
4352
1557
8425
2789
2696
1116
5956
1168
2002
1181
2797
3047
1866
6796
4386
4622
7634
2221
700
6858
5644
6497
20
7217
1911
9376
8423
7423
1630
7960
1846
3675
4382
7332
4241
9065
8151
1
2486
608
4084
5549
6212
5102
6798
9968
292
1755
638
1600
2586
8124
2066
6367
4249
4985
6434
936
5029
513
1011
5579
9341
8492
2523
2260
2760
2914
9382
8834
9022
9386
697
6551
1195
8485
8405
9900
6016
9148
335
4023
443
1254
9101
1311
4664
7647
371
8575
1512
5798
3870
8105
2688
6790
9873
1245
7461
9320
6863
1626
1735
9958
6504
1156
6731
2290
6519
3143
2862
8312
7611
9483
8022
7650
7973
7544
8667
9499
1793
732
9046
5174
9945
8987
5273
1072
5414
9366
5136
6099
2568
3407
6486
8460
2984
971
8955
8447
3548
7273
6292
9977
1243
2611
2387
4311
8641
6147
5049
5749
6661
7720
2121
3369
474
4392
2943
290
4947
8040
5889
6667
7210
234
533
7476
578
2246
707
1715
5099
5356
7004
8550
5127
2680
6683
8300
2571
919
7835
9125
3287
4490
3001
712
970
2585
171
2612
7695
1626
4833
7272
237
9186
3595
1574
1006
6938
9212
7989
8285
9781
7085
5959
5510
6370
9061
2283
2729
2221
9671
8804
639
6171
8333
361
7376
1782
2196
2654
9700
6357
1463
4226
5368
5599
2320
4539
9412
577
9469
7695
6187
5663
8320
5044
3762
9464
3753
4523
2516
365
5671
4872
4501
2530
1469
2773
5446
9526
4578
4248
7656
1408
4748
2210
9525
1371
7517
6601
3291
1635
4254
9624
8922
4672
6651
7861
9137
3458
8304
3348
5140
526
643
7706
8544
7977
7377
2309
1362
1617
3645
442
613
9524
8038
8734
1130
1115
9689
1673
2493
5991
5191
2632
9813
6736
7721
8450
476
1722
8032
9918
9776
600
5249
8595
4330
1557
4338
7855
1117
2113
9886
3500
2737
1928
4159
1376
112
6010
3501
1188
1984
5862
1681
1175
915
5576
6863
7300
7275
2261
7108
993
7106
2277
924
8041
5769
9728
5639
6669
1135
8860
5180
2134
548
1718
319
3310
5135
1022
3311
256
4621
1944
9203
2541
4091
400
8039
1345
5846
7726
7473
8933
1008
5498
489
2998
9126
6354
648
8837
2112
730
3872
4272
8456
1091
5964
546
3599
3839
3177
439
5612
1268
3782
9618
8870
9743
3208
9506
5924
3707
1617
3394
5171
1234
929
7936
8552
2706
4814
4513
3479
4852
0
7059
3219
729
9392
4691
7175
8710
1315
8047
8052
3810
9217
5358
1820
2094
2954
7151
4063
2132
8107
2400
3715
9778
8925
5473
553
9161
8592
2216
3405
4913
3462
6853
9487
4880
6674
4648
736
907
99
306
1855
8652
924
5546
5477
8036
326
8865
7469
642
6055
4040
5032
8613
8085
208
6751
9039
8518
7761
4331
7322
7690
3696
4258
735
9963
3227
3426
6725
4371
6423
355
7815
3791
7100
6648
874
5299
5678
5703
3213
7886
2000
9017
4545
4479
5956
6660
4763
1672
870
9127
7815
6434
2378
9653
2895
1954
4995
3125
7949
3130
7590
3705
2430
9859
8701
2575
471
9241
608
3445
6764
3799
8337
8768
5406
37
8519
2141
4469
1215
254
473
7615
4216
4141
143
5064
5887
5656
3681
5690
2305
5910
8249
1030
639
166
3072
2180
5985
3118
7726
2856
2842
6868
4419
53
7454
1840
4645
2630
8082
1297
4251
1739
6948
3904
8090
3889
1083
3746
3214
3781
287
8241
1611
7866
6491
6909
8388
7913
6290
1887
3468
4920
1840
2543
9307
2830
5283
151
1811
3894
9290
6679
611
690
4700
1338
8204
7890
1868
7865
8579
2614
6860
7886
2070
7984
5552
8876
7507
7837
5076
9277
709
9333
928
5916
3807
4640
1771
8596
5326
316
6862
9144
2907
7069
2778
9797
5854
228
4188
2213
2601
836
8736
7365
5796
2144
4805
7146
9220
376
2496
5167
9074
1574
3554
2065
8729
7412
398
1535
7536
5825
4438
2572
1529
660
5109
4616
456
4239
1763
3822
7912
887
2324
2879
1307
2979
9010
2862
9985
7748
1788
7581
8843
68
943
2744
4687
8561
500
5312
3135
4524
666
908
69
573
8086
347
7618
7898
3320
2556
2040
3464
959
5378
6708
529
3472
2770
528
5958
6963
2063
9879
9575
3166
5928
2731
2064
3878
9952
1939
2390
275
926
9161
9715
2260
5222
6996
3822
4739
3880
5088
287
7674
9495
3527
5009
6805
3677
8618
6505
3418
605
2704
7798
8071
1801
8179
2921
2027
229
6118
5575
8536
9467
9867
940
647
2225
1669
9267
1372
6088
362
6867
4123
4614
107
2972
3708
7991
9687
4675
3483
6111
4652
9849
6819
6771
7855
1619
603
1832
8495
2102
4033
4508
293
1969
7655
2484
4302
1663
7420
310
2668
4205
2732
1032
8218
6681
9418
3720
6206
6780
6413
9005
6484
9946
1112
3918
4553
2439
2191
5202
1477
7403
5895
1319
7277
4937
4621
7415
2679
3085
4858
7736
2783
9860
6245
1027
906
7505
4185
6168
6617
7389
8392
3391
8544
5246
8737
850
2567
3452
6302
4457
2593
4320
6561
774
3628
9613
8112
2114
2472
7475
4510
696
8523
6881
940
3329
2948
4220
2640
1775
3630
7630
8069
2589
3528
2016
5251
6311
7699
986
9377
8471
7259
330
9015
9343
6425
5716
553
5358
1705
1722
9441
6044
3672
7644
1723
1416
7632
3009
8888
1509
3158
4118
2715
1904
4787
2230
2296
3573
8947
9627
318
4258
3243
324
2322
796
5950
9527
2366
3441
753
9049
4330
1774
7981
7244
7658
2450
4437
7464
1415
242
921
7261
4835
318
8027
1432
9287
7044
9584
3285
6655
9124
664
1059
6089
36
2289
2814
2601
3572
649
8393
1633
5941
5475
1802
3039
7269
2429
3050
3719
7374
7535
8493
1091
8801
1302
879
4488
1196
7153
5824
1147
8516
7532
9474
7700
2031
3195
3904
2770
4944
2009
561
7118
9432
1683
6765
6324
4235
8558
5407
9840
674
8960
4732
9541
1999
557
3699
1172
6102
9632
3205
7947
2633
9741
9911
3388
1812
8996
9381
8543
3195
569
8234
7098
8737
5330
301
128
5387
6593
2046
2665
7972
8819
2226
3473
6546
6856
427
5922
1896
9267
1339
902
893
7236
3050
7159
13
4916
6855
2522
5951
7185
9803
1197
7639
9419
4372
6764
1981
3726
7888
2858
5469
7777
2712
3101
8288
8078
3472
4171
1548
9811
5468
3556
6391
8921
820
6336
2865
1523
2187
9771
7283
3368
9997
2349
3826
2917
1960
5471
1721
2269
5260
1627
6662
2466
1717
35
9523
8297
5417
9125
6392
984
9085
8078
1439
4979
3181
1548
2200
7048
572
6744
4942
4680
3720
4036
9514
1831
4305
5185
7063
8581
1131
9029
3413
1022
5795
8346
1762
1167
6255
1770
7830
6778
6712
4634
3101
9020
4108
3973
4378
3996
9919
6827
4202
103
3283
3049
5287
5370
1976
6235
8607
5215
9877
7358
420
317
6983
6267
2965
9929
7849
9169
2860
4385
1125
2019
6585
4234
8378
8098
6896
3607
1935
8635
1246
8206
2871
6724
1793
4246
2725
1411
4473
4308
7745
3297
2442
8726
3883
8957
5843
1247
9472
4467
8548
5268
8892
4254
4619
4470
6479
8955
80
1393
6578
6641
4242
5444
4075
5710
5281
7907
9167
435
9229
3114
1160
2995
7071
594
3351
1272
4022
1368
7804
8583
325
2396
7603
1221
844
392
8001
7657
1555
6066
368
548
574
627
8664
3966
7597
7305
6639
4419
1123
4009
3953
6990
3034
1769
8803
4997
341
1662
1396
5749
8151
1937
3109
3567
6418
6087
5483
323
2849
7841
8083
1452
1306
7681
277
3229
5118
9359
1500
6938
3156
4491
9061
8057
6357
6835
6373
6074
5161
1383
6208
7974
8657
4331
584
7796
3414
2461
3331
7458
7251
1208
2752
8449
5022
5656
4427
6849
893
8030
6671
1264
2006
4406
2363
5053
8663
7416
5992
2913
4216
9372
1146
8881
7469
8754
2389
5645
3121
8304
594
6268
9183
1085
1201
956
5682
1486
2337
7652
9728
478
559
9293
6338
1492
8844
2913
8872
2799
1378
2546
763
2357
1447
4334
6882
5885
2979
7473
1577
7529
6495
8347
5903
2201
4046
1924
302
8923
1568
78
4801
2599
2597
8154
1265
3067
6431
1581
9808
9314
4507
4
1738
2186
9762
1813
3721
5141
2298
1640
200
9168
9362
295
4729
9715
4623
2930
1275
5145
5392
9109
4886
7329
8776
9134
1114
2643
4925
4313
1591
4791
1149
8943
6061
3058
1681
1039
408
1906
4084
2363
6228
7373
3237
7558
8583
8597
2827
2476
5743
4142
3416
7507
8825
803
578
7681
9428
2246
1534
5982
7174
263
2557
5483
9101
7063
1900
3347
4968
3068
3095
1857
2279
8647
8494
594
5984
4245
2346
8764
68
3332
8193
6879
1057
663
504
1708
3433
90
8105
931
2339
8265
3782
7137
5440
8639
2524
5081
5489
9787
2347
962
183
1848
8453
8706
2748
6332
9589
6922
9824
6945
1378
3842
3318
3283
4852
6053
5104
6745
1127
2353
4007
8375
6429
3880
8880
4579
5833
8666
8427
9191
5881
2983
9294
2022
5539
6207
3058
6034
7524
9004
4269
7102
340
3859
1248
9312
8174
4183
96
7897
31
3982
3626
7831
2061
2616
6899
2331
442
7069
7535
7143
1529
2615
7107
2730
7888
6256
3932
7727
142
3996
4641
1042
6015
170
5014
2597
8813
327
8819
8819
586
2868
8245
3683
1564
7178
1731
1694
680
6571
2163
8244
8146
2554
8638
3724
9971
9789
7985
59
2460
7809
8630
8359
7818
2096
3154
1260
3370
4575
2592
2670
1503
9371
510
6177
4082
2789
2055
2054
5514
3994
33
4134
76
8584
7047
7107
6436
1054
2361
413
4981
3284
3139
9299
4269
3963
7035
2155
2237
9478
1951
3268
599
1625
5903
9833
9784
9905
2998
6217
249
2244
8927
6885
8225
1722
3014
7337
9341
7612
8108
446
7538
2956
4287
8159
8529
1718
8090
875
1293
1749
2184
1243
4170
3848
2735
5141
7094
374
8906
3808
1436
2001
3927
2840
4518
5447
899
3988
2611
334
6339
2246
5450
753
7412
5427
1166
3542
3349
8980
5746
563
5027
2348
9311
3568
4917
4091
3763
8509
570
2339
6428
4487
1248
7081
9142
6328
7046
4525
7585
637
5460
2173
5062
8604
4297
1175
2923
9237
5445
7838
6293
9256
3129
223
8830
3319
3659
181
7496
13
6302
9977
1057
2544
9938
8958
535
1699
1479
8764
5773
7712
7784
859
6510
1524
3174
7827
6417
6378
9842
9249
1886
2556
6656
860
7409
7255
8536
2873
5324
3055
2558
6172
7490
1251
1876
8256
6465
7522
8975
8873
7791
2367
2919
2135
5417
2529
9795
2926
8903
3085
2069
9284
8036
5960
2225
907
9901
1767
4724
3136
9768
9962
5010
6562
839
1769
6240
1799
7421
2221
2452
4907
4432
7650
538
1339
6736
6027
5288
7441
5046
3559
484
9984
8512
8051
132
1059
269
7632
4695
673
7140
9990
4082
9140
5322
1337
6109
2378
451
5611
5119
2043
3896
8226
4215
2541
906
8891
8301
3620
9686
9775
4585
7661
874
2645
2658
5437
5415
5097
2057
9462
7543
9323
6647
1482
8096
9435
9091
4291
858
9972
1097
7810
6254
998
2056
1318
6624
2152
3931
7135
3998
9789
1162
4595
8169
7719
4065
513
4115
6026
2178
3909
3801
6610
3255
1820
964
4391
1162
3336
2203
4512
6488
4853
6219
7254
4995
7517
1913
8234
6488
6010
7639
2202
7073
7338
5
944
9531
5111
9786
59
7098
8231
5299
1890
9211
737
4828
614
1130
1282
7373
9832
3846
943
1446
7755
5106
8652
7518
330
3965
6156
3832
6157
3076
5641
1479
4152
8983
5943
8788
149
3385
9844
5213
2132
731
1171
3536
7519
636
1401
1977
1763
2170
1735
1464
4875
1756
2041
7974
4719
9107
302
1514
9646
4461
3530
4247
8872
6028
2072
3816
9791
5975
7668
2206
3998
1552
6712
5577
7835
1382
8469
2646
7529
7979
2468
440
8769
9913
973
1610
2914
1104
1832
8724
134
2115
3763
5452
3559
6260
451
510
5793
7101
2126
3199
1082
9088
7769
6847
368
6209
461
5341
4050
3171
3503
9951
130
7376
240
2242
3353
2830
2018
3679
2236
5294
7837
1567
829
1718
4849
9152
1044
129
9612
7208
6672
4437
5406
2345
1704
5254
9626
5974
5175
7161
3088
6213
5736
7547
3370
3013
8638
4675
6180
9234
2808
7782
8751
6247
5762
3658
5223
1892
3439
8492
8020
5968
2678
8982
5806
16
4507
1483
2485
2552
1679
5813
4591
2849
5674
1121
2627
7020
1064
7945
5829
118
4786
1731
8243
781
4831
2552
8352
3826
6955
8455
3983
9471
1782
2250
4739
2443
1983
9002
5988
3035
1267
1439
964
892
7809
9930
6242
6686
9856
3159
9295
6771
1651
4893
6783
872
6971
8088
8899
1923
8878
6345
1173
7038
6983
2987
5859
4083
5118
3673
4127
4713
8570
1103
3046
6013
548
3102
2256
2692
5629
2821
2792
3200
7426
7852
3580
7089
5279
866
1111
5022
7042
9625
8157
3477
4818
4688
711
9567
6512
2498
4096
359
5148
7245
9566
5757
3915
8134
1909
3974
6999
5882
4889
1894
2216
8488
2114
2720
9778
1774
9893
7676
9822
3057
8849
7387
7678
7297
4887
936
1003
8076
125
9312
2257
5361
8836
611
2942
2584
5177
8795
1207
7744
4809
1676
6667
3049
1833
2076
7420
9844
5269
773
1675
9768
4823
2857
419
1670
2938
9334
5049
302
2415
6394
2546
1859
4288
168
3206
6845
3540
2603
7956
8558
8594
1547
4741
3384
3689
8798
7621
1628
4079
8144
4832
181
7464
3302
4825
8951
3466
8848
113
4674
9902
221
6662
2364
7242
9731
6362
9677
9981
8479
8342
9388
2938
5146
8174
1403
4601
3709
8422
1823
9354
2726
373
322
5820
4859
9609
8428
2957
5438
972
2287
258
7666
1110
8946
1369
5405
7378
7137
685
3919
5925
3282
6891
3522
7548
1851
5762
2498
326
2643
8176
3166
1619
7350
1515
224
4874
1373
5788
2474
5713
4301
2659
9393
4856
8430
5463
4542
8999
3647
1645
1282
8426
2505
1851
2362
1225
5073
7101
804
765
9985
8279
4449
6272
185
6604
3116
8725
3810
5919
729
8504
7476
552
7089
1030
8553
666
3597
7280
6465
9282
2881
492
5767
7106
4763
877
1475
7279
828
4100
8962
9752
1735
1511
6115
7416
2743
5121
9907
2430
86
8521
1404
7819
699
7992
1801
1547
899
7125
141
4295
355
9235
3765
9834
5693
8718
2603
3699
5794
1618
6668
571
7591
6125
796
9016
2106
6022
8585
5056
8903
1021
8509
2610
6726
9956
4344
3953
487
2911
365
6115
833
392
8107
1257
3063
278
4528
2496
9949
1535
1113
8296
3689
6684
1645
2433
7997
4780
5210
351
6340
4571
6815
7350
4395
6372
4333
2694
2738
6165
2888
5677
2467
7698
7922
8793
1122
7165
1689
6845
3029
1764
5056
8374
182
3067
2748
5742
5463
8908
4368
5521
38
5516
4411
7662
9489
847
6367
1088
8203
5119
6294
9886
2736
7977
6016
9440
2597
8761
8592
355
4100
8840
7704
1374
8022
8466
2722
214
577
8381
9857
7359
6741
9046
4983
676
8817
6686
4264
4185
4843
5158
4766
7150
6304
8822
1647
2551
3785
2228
8108
906
7711
7299
7483
2984
6640
3850
3016
1392
435
103
9159
3313
600
8131
7820
2254
7443
8584
8287
1079
8026
1136
5322
7381
2701
9216
8821
8133
3926
9109
3173
5114
9441
3070
2032
1244
1805
1802
8980
789
5923
5139
4504
3182
5944
3515
9507
9765
1454
6469
684
8754
9455
6760
5041
6458
8636
2303
5228
3012
6899
3189
9555
1098
8655
1775
9903
6546
4997
4378
7727
1421
3420
4248
4574
6352
6204
324
4994
9313
731
8894
151
3780
9315
9043
9371
1767
2920
924
5003
7434
1224
4331
8622
2947
2980
3201
9936
2705
6799
8019
1970
2272
3092
5118
4496
2861
2221
3160
4835
8506
3409
9641
1832
8915
4125
2779
6592
2194
2614
382
7034
1232
2830
175
4574
9022
3830
6825
1883
7587
2435
1404
5556
2134
6132
9597
8614
7870
5010
8239
4109
919
1417
1121
2855
969
582
8839
2281
5364
273
4605
3889
6590
5053
9977
4443
3649
878
6289
4712
2478
74
2061
9628
230
4755
1998
487
8891
228
6783
1799
7170
2170
3739
9564
1868
2789
8639
3148
7637
5007
9986
119
6348
332
5234
8094
2660
2051
464
9375
1019
6988
8063
5396
4521
4970
8024
125
3019
5403
6098
1419
5537
2413
6529
1983
9732
9491
1372
8738
4109
4184
9843
1190
5698
9588
6289
8221
7857
4605
1310
505
6434
624
5257
2435
7
5504
5844
2287
3544
5470
6799
4848
4109
1609
8218
9353
1195
8536
7845
3124
1379
1734
1659
2853
4951
4540
1262
5889
846
1286
4324
1948
2602
3071
8339
8689
7656
4414
5017
2646
568
8309
47
6798
9710
5783
4462
2896
9080
6251
3875
4280
2016
1534
2607
1773
4004
2621
1586
2227
8133
3091
857
9537
5757
1056
2549
1094
7172
8011
335
6088
9316
5370
4777
4813
2364
6447
614
3053
5794
